in bwd
varlen_q.grad: tensor([[[ 1.9209e-08,  7.7300e-08, -5.8208e-08,  ..., -3.5390e-08,
           1.3795e-08,  1.3388e-08],
         [ 0.0000e+00,  0.0000e+00,  0.0000e+00,  ...,  0.0000e+00,
           0.0000e+00,  0.0000e+00],
         [ 0.0000e+00,  0.0000e+00,  0.0000e+00,  ...,  0.0000e+00,
           0.0000e+00,  0.0000e+00],
         ...,
         [ 0.0000e+00,  0.0000e+00,  0.0000e+00,  ...,  0.0000e+00,
           0.0000e+00,  0.0000e+00],
         [ 1.7462e-08, -1.8510e-08, -1.5949e-08,  ..., -3.4226e-08,
           5.1223e-09, -2.9802e-08],
         [-9.0222e-09, -1.5134e-08, -3.9290e-09,  ...,  8.4037e-10,
          -8.2073e-09, -4.6275e-09]],

        [[-9.6191e-02, -2.3828e-01,  2.3730e-01,  ..., -8.7891e-03,
           2.6978e-02,  9.4238e-02],
         [ 9.7046e-03,  7.1411e-03,  1.0132e-02,  ..., -7.8583e-04,
          -2.4414e-03, -5.4626e-03],
         [-9.5703e-02,  9.7168e-02,  2.3047e-01,  ...,  1.8921e-02,
           1.0498e-01,  2.3926e-02],
         ...,
         [ 3.7598e-02, -1.3477e-01,  3.1982e-02,  ...,  9.1797e-02,
          -6.7871e-02,  6.2500e-02],
         [-3.2616e-04, -1.4267e-03, -6.3705e-04,  ..., -2.7924e-03,
           1.0605e-03, -3.0212e-03],
         [ 4.5654e-02,  9.5215e-02, -2.1606e-02,  ...,  4.4922e-02,
           2.1606e-02,  7.5684e-02]],

        [[-8.5449e-02, -2.0898e-01,  1.7188e-01,  ..., -3.0823e-03,
           3.8086e-02,  9.1309e-02],
         [ 3.9307e-02, -2.6123e-02,  3.1738e-02,  ...,  4.8828e-02,
          -5.7373e-02,  6.3965e-02],
         [-4.7852e-02,  5.1514e-02,  1.2891e-01,  ...,  8.5449e-03,
           7.0312e-02,  2.0905e-03],
         ...,
         [ 2.8442e-02, -1.0107e-01,  2.4658e-02,  ...,  7.1777e-02,
          -4.9561e-02,  4.8828e-02],
         [-5.2002e-02,  5.8838e-02,  1.2598e-01,  ...,  3.1250e-02,
          -7.1289e-02, -2.3193e-02],
         [ 2.4902e-02,  7.5684e-02, -3.2471e-02,  ...,  8.2031e-02,
           3.2227e-02,  9.6191e-02]],

        ...,

        [[-6.4697e-03,  8.7280e-03,  1.1368e-03,  ...,  1.6846e-02,
          -3.9368e-03,  1.2878e-02],
         [ 2.7161e-03,  7.0190e-04,  1.0986e-03,  ..., -1.1597e-03,
           7.6599e-03, -1.8997e-03],
         [-4.4556e-03,  5.6152e-03, -2.1210e-03,  ..., -6.4392e-03,
           5.1270e-03, -6.7520e-04],
         ...,
         [-1.1353e-02, -6.0730e-03, -8.3618e-03,  ...,  1.0071e-02,
          -8.4229e-03,  9.0332e-03],
         [ 1.1826e-03,  1.1230e-02,  6.0425e-03,  ...,  4.4250e-03,
          -9.4604e-03, -1.6327e-03],
         [ 4.5471e-03,  1.0681e-02, -8.3008e-03,  ..., -5.4016e-03,
          -5.9814e-03, -8.2397e-03]],

        [[-5.4321e-03,  8.4839e-03,  1.4038e-03,  ...,  1.4221e-02,
          -4.0283e-03,  1.6846e-02],
         [ 2.5940e-04,  3.0975e-03,  1.4038e-03,  ..., -3.3112e-03,
           8.5449e-03,  2.5482e-03],
         [-3.8300e-03,  6.8054e-03,  1.3580e-03,  ..., -7.9956e-03,
           4.4250e-03,  1.3733e-04],
         ...,
         [-1.0071e-02, -1.1353e-02, -6.5002e-03,  ...,  1.2756e-02,
          -2.9144e-03,  6.8359e-03],
         [ 2.8076e-03,  1.1963e-02,  5.6763e-03,  ...,  3.0823e-03,
          -8.9111e-03, -4.7913e-03],
         [ 2.7657e-04,  6.9580e-03, -1.0864e-02,  ..., -5.4932e-03,
          -2.6703e-03, -8.2397e-03]],

        [[-9.0942e-03,  6.7749e-03,  4.6082e-03,  ...,  1.1780e-02,
          -4.3030e-03,  1.1230e-02],
         [-1.1635e-04,  2.3956e-03,  3.0823e-03,  ..., -5.4932e-03,
           5.6458e-03, -1.3428e-03],
         [-6.6223e-03,  6.6528e-03, -4.3945e-03,  ..., -5.6152e-03,
           2.1515e-03,  2.1515e-03],
         ...,
         [-1.4099e-02, -6.1035e-03, -3.2806e-03,  ...,  7.2021e-03,
          -8.8501e-03,  1.1047e-02],
         [ 4.6692e-03,  1.2512e-02,  8.9722e-03,  ...,  1.3351e-03,
          -8.5449e-03, -2.0142e-03],
         [ 7.1716e-03,  9.3994e-03, -7.7515e-03,  ..., -3.3569e-03,
          -6.4087e-03, -8.9111e-03]]], device='cuda:0', dtype=torch.bfloat16)
varlen_k.grad: tensor([[[-2.4023e-01, -3.5352e-01,  8.9355e-02,  ...,  1.1719e-01,
          -1.4258e-01, -4.0820e-01],
         [-5.3955e-02, -6.0425e-03, -6.1279e-02,  ..., -1.4746e-01,
           1.2891e-01,  4.9805e-02],
         [ 1.5527e-01, -6.4453e-02, -7.1289e-02,  ..., -2.9492e-01,
          -6.6406e-02,  3.9551e-02],
         ...,
         [-2.2168e-01,  1.5430e-01, -8.1543e-02,  ..., -1.6895e-01,
          -2.3315e-02,  7.1777e-02],
         [-1.4771e-02, -7.8125e-02,  1.0605e-03,  ...,  1.4453e-01,
          -8.9844e-02, -2.6489e-02],
         [ 9.7656e-02,  9.3994e-03,  5.2795e-03,  ..., -9.5215e-02,
          -2.0508e-02,  6.7871e-02]],

        [[ 1.6895e-01,  2.0801e-01, -1.9775e-02,  ..., -9.3262e-02,
           2.2168e-01,  3.4180e-01],
         [-1.4420e-03,  1.7456e-02, -4.1748e-02,  ..., -1.3867e-01,
           2.1289e-01,  4.3701e-02],
         [-1.7969e-01,  8.6426e-02,  2.1094e-01,  ...,  2.8906e-01,
           1.0254e-01, -2.7710e-02],
         ...,
         [ 8.6426e-02, -2.0410e-01,  1.1523e-01,  ...,  1.6699e-01,
           7.1777e-02, -3.9978e-03],
         [ 2.2827e-02, -1.5820e-01,  1.6235e-02,  ...,  6.8848e-02,
          -4.9072e-02, -1.1816e-01],
         [ 6.5613e-04,  2.3315e-02, -1.4941e-01,  ..., -7.7637e-02,
           8.9355e-02, -5.6152e-02]],

        [[ 1.5137e-01,  1.8921e-02, -7.3242e-02,  ...,  9.6680e-02,
           1.0071e-02,  2.3438e-01],
         [-3.5400e-02,  3.2471e-02,  1.7700e-02,  ..., -2.0996e-02,
           6.7871e-02, -2.0386e-02],
         [-3.9795e-02, -1.5442e-02,  5.0781e-02,  ..., -2.0996e-02,
           2.8442e-02, -4.9438e-03],
         ...,
         [-1.0889e-01,  1.1963e-02,  7.3547e-03,  ...,  2.6489e-02,
           2.0020e-02,  7.8125e-02],
         [-1.4551e-01,  1.8652e-01,  9.3750e-02,  ..., -8.3008e-02,
           8.9844e-02,  2.1973e-01],
         [ 6.0547e-02,  3.1494e-02,  2.9297e-02,  ...,  8.7402e-02,
          -5.1758e-02,  3.0396e-02]],

        ...,

        [[-1.1384e-05,  8.5235e-06,  1.8954e-05,  ..., -2.1935e-05,
          -7.0035e-06, -1.4544e-05],
         [-1.2779e-04, -1.0834e-03,  5.6076e-04,  ...,  1.8692e-04,
          -9.7752e-05, -7.1335e-04],
         [-2.7275e-04, -3.1090e-04,  1.0061e-04,  ..., -1.3828e-04,
           1.9169e-04,  2.0623e-05],
         ...,
         [-6.1467e-07,  3.9101e-05,  3.4571e-05,  ..., -2.8729e-05,
          -4.6015e-05, -5.7220e-05],
         [-1.5640e-04,  3.6716e-05,  2.4796e-04,  ...,  3.4094e-05,
           2.8801e-04, -3.0327e-04],
         [-2.5034e-05, -1.4901e-05,  8.7023e-06,  ..., -2.1696e-05,
          -1.6451e-05, -6.6459e-06]],

        [[-5.7220e-04, -2.9182e-04,  4.9210e-04,  ..., -8.3923e-05,
          -6.7520e-04, -1.9646e-04],
         [ 1.4114e-04,  1.7834e-04,  5.0545e-05,  ..., -4.6730e-05,
          -2.9206e-05,  2.2411e-04],
         [-4.2152e-04, -6.6757e-04,  2.7657e-04,  ..., -3.1090e-04,
           2.9922e-05,  1.6975e-04],
         ...,
         [ 2.6941e-05,  1.7047e-05, -5.5790e-05,  ...,  3.7193e-05,
           6.7711e-05,  1.0300e-04],
         [-2.1553e-04,  3.7193e-05,  1.6975e-04,  ...,  1.1730e-04,
           2.1458e-04, -1.2875e-04],
         [-4.1771e-04, -2.6703e-04,  2.0027e-04,  ..., -3.3379e-04,
          -3.2997e-04,  5.1975e-05]],

        [[ 3.7253e-06,  7.5817e-05, -3.5286e-05,  ..., -8.1658e-06,
           4.3869e-05,  5.5414e-08],
         [-2.2316e-04,  6.2943e-04, -3.3951e-04,  ..., -1.7548e-04,
          -1.4603e-05,  1.2112e-04],
         [-2.3365e-05, -8.2970e-05,  3.1471e-05,  ..., -6.0320e-05,
           1.0788e-05, -2.8610e-05],
         ...,
         [ 3.2596e-08, -4.2021e-06,  1.1921e-06,  ...,  5.5507e-07,
           2.9057e-06,  3.1199e-08],
         [-1.0729e-05, -6.2585e-06,  2.2650e-05,  ..., -7.2718e-06,
          -4.9472e-06, -2.4080e-05],
         [-2.0266e-05, -3.4332e-05,  5.4836e-06,  ..., -2.9922e-05,
          -2.2650e-05,  3.1143e-06]]], device='cuda:0', dtype=torch.bfloat16)
sdpa_q.grad: tensor([[[[ 1.9209e-08,  7.7300e-08, -5.8208e-08,  ..., -3.5390e-08,
            1.3795e-08,  1.3388e-08],
          [-9.6191e-02, -2.3828e-01,  2.3730e-01,  ..., -8.7891e-03,
            2.6978e-02,  9.4238e-02],
          [-8.5449e-02, -2.0898e-01,  1.7188e-01,  ..., -3.0823e-03,
            3.8086e-02,  9.1309e-02],
          ...,
          [ 0.0000e+00,  0.0000e+00,  0.0000e+00,  ...,  0.0000e+00,
            0.0000e+00,  0.0000e+00],
          [ 0.0000e+00,  0.0000e+00,  0.0000e+00,  ...,  0.0000e+00,
            0.0000e+00,  0.0000e+00],
          [ 0.0000e+00,  0.0000e+00,  0.0000e+00,  ...,  0.0000e+00,
            0.0000e+00,  0.0000e+00]],

         [[ 0.0000e+00,  0.0000e+00,  0.0000e+00,  ...,  0.0000e+00,
            0.0000e+00,  0.0000e+00],
          [ 9.7046e-03,  7.1411e-03,  1.0132e-02,  ..., -7.8583e-04,
           -2.4414e-03, -5.4626e-03],
          [ 3.9307e-02, -2.6123e-02,  3.1738e-02,  ...,  4.8828e-02,
           -5.7373e-02,  6.3965e-02],
          ...,
          [ 0.0000e+00,  0.0000e+00,  0.0000e+00,  ...,  0.0000e+00,
            0.0000e+00,  0.0000e+00],
          [ 0.0000e+00,  0.0000e+00,  0.0000e+00,  ...,  0.0000e+00,
            0.0000e+00,  0.0000e+00],
          [ 0.0000e+00,  0.0000e+00,  0.0000e+00,  ...,  0.0000e+00,
            0.0000e+00,  0.0000e+00]],

         [[ 0.0000e+00,  0.0000e+00,  0.0000e+00,  ...,  0.0000e+00,
            0.0000e+00,  0.0000e+00],
          [-9.5703e-02,  9.7168e-02,  2.3047e-01,  ...,  1.8921e-02,
            1.0498e-01,  2.3926e-02],
          [-4.7852e-02,  5.1514e-02,  1.2891e-01,  ...,  8.5449e-03,
            7.0312e-02,  2.0905e-03],
          ...,
          [ 0.0000e+00,  0.0000e+00,  0.0000e+00,  ...,  0.0000e+00,
            0.0000e+00,  0.0000e+00],
          [ 0.0000e+00,  0.0000e+00,  0.0000e+00,  ...,  0.0000e+00,
            0.0000e+00,  0.0000e+00],
          [ 0.0000e+00,  0.0000e+00,  0.0000e+00,  ...,  0.0000e+00,
            0.0000e+00,  0.0000e+00]],

         ...,

         [[ 0.0000e+00,  0.0000e+00,  0.0000e+00,  ...,  0.0000e+00,
            0.0000e+00,  0.0000e+00],
          [ 3.7598e-02, -1.3477e-01,  3.1982e-02,  ...,  9.1797e-02,
           -6.7871e-02,  6.2500e-02],
          [ 2.8442e-02, -1.0107e-01,  2.4658e-02,  ...,  7.1777e-02,
           -4.9561e-02,  4.8828e-02],
          ...,
          [ 0.0000e+00,  0.0000e+00,  0.0000e+00,  ...,  0.0000e+00,
            0.0000e+00,  0.0000e+00],
          [ 0.0000e+00,  0.0000e+00,  0.0000e+00,  ...,  0.0000e+00,
            0.0000e+00,  0.0000e+00],
          [ 0.0000e+00,  0.0000e+00,  0.0000e+00,  ...,  0.0000e+00,
            0.0000e+00,  0.0000e+00]],

         [[ 1.7462e-08, -1.8510e-08, -1.5949e-08,  ..., -3.4226e-08,
            5.1223e-09, -2.9802e-08],
          [-3.2616e-04, -1.4267e-03, -6.3705e-04,  ..., -2.7924e-03,
            1.0605e-03, -3.0212e-03],
          [-5.2002e-02,  5.8838e-02,  1.2598e-01,  ...,  3.1250e-02,
           -7.1289e-02, -2.3193e-02],
          ...,
          [ 0.0000e+00,  0.0000e+00,  0.0000e+00,  ...,  0.0000e+00,
            0.0000e+00,  0.0000e+00],
          [ 0.0000e+00,  0.0000e+00,  0.0000e+00,  ...,  0.0000e+00,
            0.0000e+00,  0.0000e+00],
          [ 0.0000e+00,  0.0000e+00,  0.0000e+00,  ...,  0.0000e+00,
            0.0000e+00,  0.0000e+00]],

         [[-9.0222e-09, -1.5134e-08, -3.9290e-09,  ...,  8.4037e-10,
           -8.2073e-09, -4.6275e-09],
          [ 4.5654e-02,  9.5215e-02, -2.1606e-02,  ...,  4.4922e-02,
            2.1606e-02,  7.5684e-02],
          [ 2.4902e-02,  7.5684e-02, -3.2471e-02,  ...,  8.2031e-02,
            3.2227e-02,  9.6191e-02],
          ...,
          [ 0.0000e+00,  0.0000e+00,  0.0000e+00,  ...,  0.0000e+00,
            0.0000e+00,  0.0000e+00],
          [ 0.0000e+00,  0.0000e+00,  0.0000e+00,  ...,  0.0000e+00,
            0.0000e+00,  0.0000e+00],
          [ 0.0000e+00,  0.0000e+00,  0.0000e+00,  ...,  0.0000e+00,
            0.0000e+00,  0.0000e+00]]],


        [[[ 0.0000e+00,  0.0000e+00,  0.0000e+00,  ...,  0.0000e+00,
            0.0000e+00,  0.0000e+00],
          [ 1.1328e-01, -1.4038e-02, -9.2285e-02,  ...,  7.0801e-02,
            1.2512e-02, -4.1504e-02],
          [ 8.4473e-02, -1.3916e-02, -6.9824e-02,  ...,  5.2734e-02,
            9.1553e-03, -2.7710e-02],
          ...,
          [ 0.0000e+00,  0.0000e+00,  0.0000e+00,  ...,  0.0000e+00,
            0.0000e+00,  0.0000e+00],
          [ 0.0000e+00,  0.0000e+00,  0.0000e+00,  ...,  0.0000e+00,
            0.0000e+00,  0.0000e+00],
          [ 0.0000e+00,  0.0000e+00,  0.0000e+00,  ...,  0.0000e+00,
            0.0000e+00,  0.0000e+00]],

         [[ 0.0000e+00,  0.0000e+00,  0.0000e+00,  ...,  0.0000e+00,
            0.0000e+00,  0.0000e+00],
          [ 3.3447e-02, -3.4668e-02,  8.8882e-04,  ..., -1.1816e-01,
           -3.8574e-02,  3.9795e-02],
          [-7.1777e-02, -1.0620e-02,  5.8594e-02,  ..., -1.2756e-02,
            6.7444e-03,  1.1328e-01],
          ...,
          [ 0.0000e+00,  0.0000e+00,  0.0000e+00,  ...,  0.0000e+00,
            0.0000e+00,  0.0000e+00],
          [ 0.0000e+00,  0.0000e+00,  0.0000e+00,  ...,  0.0000e+00,
            0.0000e+00,  0.0000e+00],
          [ 0.0000e+00,  0.0000e+00,  0.0000e+00,  ...,  0.0000e+00,
            0.0000e+00,  0.0000e+00]],

         [[ 2.6630e-09, -2.6193e-09,  7.7998e-09,  ...,  1.0405e-09,
            7.9744e-09,  1.3213e-08],
          [-2.0294e-03,  3.9551e-02, -8.5938e-02,  ..., -9.7656e-02,
           -5.7373e-02, -1.6479e-02],
          [ 4.9561e-02, -5.7373e-02, -1.9165e-02,  ..., -1.2500e-01,
           -2.7710e-02,  1.7285e-01],
          ...,
          [ 0.0000e+00,  0.0000e+00,  0.0000e+00,  ...,  0.0000e+00,
            0.0000e+00,  0.0000e+00],
          [ 0.0000e+00,  0.0000e+00,  0.0000e+00,  ...,  0.0000e+00,
            0.0000e+00,  0.0000e+00],
          [ 0.0000e+00,  0.0000e+00,  0.0000e+00,  ...,  0.0000e+00,
            0.0000e+00,  0.0000e+00]],

         ...,

         [[ 5.1514e-09,  1.8510e-08, -1.9209e-08,  ...,  3.9581e-08,
            1.7812e-08, -4.0513e-08],
          [ 1.1063e-03,  3.0518e-02, -1.0620e-02,  ...,  2.7161e-03,
            8.6670e-03, -1.2207e-02],
          [ 2.7832e-02, -8.8379e-02, -1.0938e-01,  ..., -1.8359e-01,
            1.1230e-02,  4.9072e-02],
          ...,
          [ 0.0000e+00,  0.0000e+00,  0.0000e+00,  ...,  0.0000e+00,
            0.0000e+00,  0.0000e+00],
          [ 0.0000e+00,  0.0000e+00,  0.0000e+00,  ...,  0.0000e+00,
            0.0000e+00,  0.0000e+00],
          [ 0.0000e+00,  0.0000e+00,  0.0000e+00,  ...,  0.0000e+00,
            0.0000e+00,  0.0000e+00]],

         [[ 0.0000e+00,  0.0000e+00,  0.0000e+00,  ...,  0.0000e+00,
            0.0000e+00,  0.0000e+00],
          [-4.1992e-02,  1.8311e-02, -7.9102e-02,  ...,  1.0840e-01,
           -1.0645e-01,  1.1902e-02],
          [-6.9824e-02, -2.4292e-02, -4.5898e-02,  ...,  1.2061e-01,
           -1.0059e-01,  6.0303e-02],
          ...,
          [ 0.0000e+00,  0.0000e+00,  0.0000e+00,  ...,  0.0000e+00,
            0.0000e+00,  0.0000e+00],
          [ 0.0000e+00,  0.0000e+00,  0.0000e+00,  ...,  0.0000e+00,
            0.0000e+00,  0.0000e+00],
          [ 0.0000e+00,  0.0000e+00,  0.0000e+00,  ...,  0.0000e+00,
            0.0000e+00,  0.0000e+00]],

         [[ 6.9122e-10,  6.1118e-09,  9.7498e-10,  ..., -4.5111e-09,
            2.5902e-09,  5.6389e-10],
          [-4.5471e-03,  8.5449e-03, -9.8877e-03,  ...,  5.6763e-03,
            3.9673e-03,  1.7929e-04],
          [ 1.6357e-02, -3.8300e-03,  1.5869e-02,  ...,  1.9531e-01,
           -1.4221e-02,  2.2705e-02],
          ...,
          [ 0.0000e+00,  0.0000e+00,  0.0000e+00,  ...,  0.0000e+00,
            0.0000e+00,  0.0000e+00],
          [ 0.0000e+00,  0.0000e+00,  0.0000e+00,  ...,  0.0000e+00,
            0.0000e+00,  0.0000e+00],
          [ 0.0000e+00,  0.0000e+00,  0.0000e+00,  ...,  0.0000e+00,
            0.0000e+00,  0.0000e+00]]],


        [[[-3.3906e-09,  6.7521e-09,  1.7390e-09,  ...,  8.9494e-10,
            4.8021e-09, -1.0550e-09],
          [ 3.8086e-02, -1.1377e-01,  5.9570e-02,  ...,  6.7749e-03,
           -4.7119e-02,  5.7861e-02],
          [ 2.5513e-02, -7.6660e-02,  3.9062e-02,  ...,  4.6387e-03,
           -3.2471e-02,  3.9062e-02],
          ...,
          [-8.7738e-04,  1.3794e-02,  8.4839e-03,  ...,  1.2436e-03,
           -1.1444e-03,  1.8799e-02],
          [-9.4223e-04,  8.6670e-03,  6.6223e-03,  ...,  3.4904e-04,
           -1.3733e-03,  1.9043e-02],
          [ 3.2043e-04,  1.2695e-02,  1.0498e-02,  ..., -1.0681e-04,
            1.0605e-03,  2.0020e-02]],

         [[ 0.0000e+00,  0.0000e+00,  0.0000e+00,  ...,  0.0000e+00,
            0.0000e+00,  0.0000e+00],
          [-5.3711e-03,  9.6436e-03,  7.6172e-02,  ..., -5.3223e-02,
           -2.6855e-02, -1.0547e-01],
          [ 4.2419e-03,  3.9307e-02,  4.2725e-02,  ...,  5.1025e-02,
           -2.8198e-02, -1.2061e-01],
          ...,
          [ 2.5482e-03, -2.5482e-03,  2.9297e-03,  ...,  1.9531e-03,
           -5.3024e-04,  2.7924e-03],
          [ 1.2283e-03, -9.7275e-04,  7.2861e-04,  ..., -4.6158e-04,
            1.6098e-03,  4.8523e-03],
          [ 3.4332e-03, -2.1820e-03,  5.2185e-03,  ...,  1.0147e-03,
            5.4932e-04,  2.7161e-03]],

         [[ 9.2405e-10,  2.3010e-10,  3.7544e-09,  ..., -2.9831e-10,
            6.9849e-09, -1.2107e-08],
          [ 8.9844e-02,  3.6621e-02,  7.9102e-02,  ...,  6.0791e-02,
           -8.4473e-02,  2.3047e-01],
          [ 5.4932e-02,  8.3496e-02,  7.1289e-02,  ...,  7.3730e-02,
           -9.0332e-03,  2.4707e-01],
          ...,
          [-7.5073e-03,  8.5068e-04, -1.2878e-02,  ...,  9.3842e-04,
            5.1117e-04, -5.3711e-03],
          [-8.4839e-03,  1.3733e-03, -1.2695e-02,  ...,  4.3030e-03,
           -4.2534e-04, -4.3030e-03],
          [-1.0681e-02,  2.2430e-03, -1.2451e-02,  ..., -6.9046e-04,
            5.2490e-03, -1.1253e-04]],

         ...,

         [[ 0.0000e+00,  0.0000e+00,  0.0000e+00,  ...,  0.0000e+00,
            0.0000e+00,  0.0000e+00],
          [-6.6406e-02, -4.6387e-02, -5.2490e-02,  ...,  1.1523e-01,
           -3.1738e-02, -6.5918e-02],
          [-2.3047e-01,  1.3184e-01,  1.5320e-02,  ...,  2.1484e-01,
           -1.3574e-01, -2.4902e-01],
          ...,
          [ 5.2185e-03, -4.7913e-03, -8.7891e-03,  ...,  1.3977e-02,
           -3.5858e-03, -2.8229e-03],
          [ 4.3335e-03, -6.0120e-03, -8.4229e-03,  ...,  1.6113e-02,
           -3.6163e-03, -3.1433e-03],
          [ 2.4719e-03, -5.2490e-03, -4.9744e-03,  ...,  1.4526e-02,
           -4.5471e-03, -4.9438e-03]],

         [[ 0.0000e+00,  0.0000e+00,  0.0000e+00,  ...,  0.0000e+00,
            0.0000e+00,  0.0000e+00],
          [ 2.7466e-02,  2.1820e-03, -1.7212e-02,  ..., -7.3242e-03,
           -2.1362e-02, -8.9645e-04],
          [ 2.5269e-02,  5.8594e-03, -1.8921e-02,  ..., -5.8289e-03,
           -1.9653e-02,  1.8539e-03],
          ...,
          [-4.6921e-04,  8.3618e-03,  5.6763e-03,  ...,  3.0212e-03,
           -2.3499e-03, -2.5787e-03],
          [-4.6349e-04,  7.8735e-03,  5.5542e-03,  ...,  6.2943e-04,
            6.5002e-03, -4.1504e-03],
          [-3.8862e-05,  6.6223e-03,  3.2043e-03,  ..., -6.7902e-04,
            6.5231e-04, -4.7112e-04]],

         [[ 6.9267e-09, -8.8476e-09, -3.1665e-08,  ..., -1.2573e-08,
            2.5029e-08,  4.8021e-09],
          [ 1.0254e-02,  5.1880e-03,  5.8594e-02,  ...,  1.2634e-02,
            2.5635e-02, -2.7222e-02],
          [ 1.3123e-03,  5.6885e-02,  6.6406e-02,  ...,  1.9165e-02,
           -4.5166e-02, -4.7119e-02],
          ...,
          [ 4.6692e-03,  8.8501e-03, -3.0823e-03,  ...,  3.7231e-03,
           -4.1199e-03, -1.2817e-02],
          [ 7.8735e-03,  1.1353e-02, -2.0294e-03,  ...,  3.2501e-03,
           -3.9062e-03, -9.6436e-03],
          [ 8.4839e-03,  1.0559e-02, -2.9907e-03,  ...,  4.4556e-03,
           -2.8534e-03, -1.0620e-02]]],


        ...,


        [[[ 0.0000e+00,  0.0000e+00,  0.0000e+00,  ...,  0.0000e+00,
            0.0000e+00,  0.0000e+00],
          [ 1.4343e-02, -2.1362e-03,  2.3926e-02,  ..., -1.6479e-02,
           -1.8845e-03, -1.0010e-02],
          [ 7.4219e-02, -1.4404e-02,  1.9165e-02,  ...,  4.7852e-02,
           -3.6469e-03,  2.6489e-02],
          ...,
          [ 0.0000e+00,  0.0000e+00,  0.0000e+00,  ...,  0.0000e+00,
            0.0000e+00,  0.0000e+00],
          [ 0.0000e+00,  0.0000e+00,  0.0000e+00,  ...,  0.0000e+00,
            0.0000e+00,  0.0000e+00],
          [ 0.0000e+00,  0.0000e+00,  0.0000e+00,  ...,  0.0000e+00,
            0.0000e+00,  0.0000e+00]],

         [[ 0.0000e+00,  0.0000e+00,  0.0000e+00,  ...,  0.0000e+00,
            0.0000e+00,  0.0000e+00],
          [ 2.4902e-02, -5.2490e-02,  2.5391e-02,  ..., -8.8867e-02,
            4.1992e-02,  1.7822e-02],
          [ 1.5945e-03, -1.4355e-01,  4.3213e-02,  ..., -8.7402e-02,
            9.0332e-03, -6.7749e-03],
          ...,
          [ 0.0000e+00,  0.0000e+00,  0.0000e+00,  ...,  0.0000e+00,
            0.0000e+00,  0.0000e+00],
          [ 0.0000e+00,  0.0000e+00,  0.0000e+00,  ...,  0.0000e+00,
            0.0000e+00,  0.0000e+00],
          [ 0.0000e+00,  0.0000e+00,  0.0000e+00,  ...,  0.0000e+00,
            0.0000e+00,  0.0000e+00]],

         [[ 5.4715e-09, -1.5207e-09, -4.0163e-09,  ..., -3.4779e-09,
           -4.3947e-09,  9.7789e-09],
          [-1.5527e-01,  1.9824e-01,  7.7637e-02,  ...,  1.9629e-01,
            5.5176e-02,  1.2146e-02],
          [-1.2109e-01,  1.6699e-01,  3.2227e-02,  ...,  1.5039e-01,
            9.1553e-03,  5.8838e-02],
          ...,
          [ 0.0000e+00,  0.0000e+00,  0.0000e+00,  ...,  0.0000e+00,
            0.0000e+00,  0.0000e+00],
          [ 0.0000e+00,  0.0000e+00,  0.0000e+00,  ...,  0.0000e+00,
            0.0000e+00,  0.0000e+00],
          [ 0.0000e+00,  0.0000e+00,  0.0000e+00,  ...,  0.0000e+00,
            0.0000e+00,  0.0000e+00]],

         ...,

         [[ 0.0000e+00,  0.0000e+00,  0.0000e+00,  ...,  0.0000e+00,
            0.0000e+00,  0.0000e+00],
          [ 1.6327e-03, -1.7471e-03, -1.2436e-03,  ..., -1.4648e-03,
           -3.4142e-04,  7.2861e-04],
          [-1.0254e-02, -1.9775e-02, -8.0078e-02,  ..., -2.8809e-02,
           -1.3306e-02,  2.8687e-02],
          ...,
          [ 0.0000e+00,  0.0000e+00,  0.0000e+00,  ...,  0.0000e+00,
            0.0000e+00,  0.0000e+00],
          [ 0.0000e+00,  0.0000e+00,  0.0000e+00,  ...,  0.0000e+00,
            0.0000e+00,  0.0000e+00],
          [ 0.0000e+00,  0.0000e+00,  0.0000e+00,  ...,  0.0000e+00,
            0.0000e+00,  0.0000e+00]],

         [[ 0.0000e+00,  0.0000e+00,  0.0000e+00,  ...,  0.0000e+00,
            0.0000e+00,  0.0000e+00],
          [ 2.0142e-03, -2.9755e-03,  5.8365e-04,  ...,  3.0518e-03,
            1.2360e-03,  1.7395e-03],
          [-4.9072e-02,  1.2207e-02,  1.8188e-02,  ..., -8.3008e-03,
            1.4343e-02, -3.5645e-02],
          ...,
          [ 0.0000e+00,  0.0000e+00,  0.0000e+00,  ...,  0.0000e+00,
            0.0000e+00,  0.0000e+00],
          [ 0.0000e+00,  0.0000e+00,  0.0000e+00,  ...,  0.0000e+00,
            0.0000e+00,  0.0000e+00],
          [ 0.0000e+00,  0.0000e+00,  0.0000e+00,  ...,  0.0000e+00,
            0.0000e+00,  0.0000e+00]],

         [[ 0.0000e+00,  0.0000e+00,  0.0000e+00,  ...,  0.0000e+00,
            0.0000e+00,  0.0000e+00],
          [-9.5825e-03, -6.1768e-02,  3.0396e-02,  ..., -1.0205e-01,
           -1.0681e-02, -7.0312e-02],
          [ 2.9785e-02,  1.4587e-02,  4.6631e-02,  ..., -4.0283e-02,
           -3.7354e-02, -1.8677e-02],
          ...,
          [ 0.0000e+00,  0.0000e+00,  0.0000e+00,  ...,  0.0000e+00,
            0.0000e+00,  0.0000e+00],
          [ 0.0000e+00,  0.0000e+00,  0.0000e+00,  ...,  0.0000e+00,
            0.0000e+00,  0.0000e+00],
          [ 0.0000e+00,  0.0000e+00,  0.0000e+00,  ...,  0.0000e+00,
            0.0000e+00,  0.0000e+00]]],


        [[[ 0.0000e+00,  0.0000e+00,  0.0000e+00,  ...,  0.0000e+00,
            0.0000e+00,  0.0000e+00],
          [-1.7212e-02, -2.9602e-03,  2.5269e-02,  ...,  6.7871e-02,
            2.6398e-03, -3.7994e-03],
          [-1.3733e-02, -1.9989e-03,  1.3916e-02,  ...,  3.5156e-02,
            2.0599e-04, -1.5106e-03],
          ...,
          [ 6.8054e-03,  1.7090e-02, -5.7983e-03,  ...,  6.8054e-03,
            1.7548e-03,  1.3245e-02],
          [ 8.8501e-03,  1.7212e-02, -3.5095e-03,  ...,  7.5073e-03,
            1.7319e-03,  1.6602e-02],
          [ 1.0010e-02,  1.7822e-02, -4.3640e-03,  ...,  9.6436e-03,
            2.4261e-03,  1.5381e-02]],

         [[ 0.0000e+00,  0.0000e+00,  0.0000e+00,  ...,  0.0000e+00,
            0.0000e+00,  0.0000e+00],
          [-8.6670e-03,  3.4180e-03, -2.1362e-03,  ...,  9.3384e-03,
            5.9509e-03, -4.4250e-03],
          [ 6.7871e-02,  2.0264e-02, -1.2512e-02,  ...,  1.6968e-02,
            3.6865e-02,  4.5654e-02],
          ...,
          [ 3.7384e-03,  6.5002e-03,  5.9509e-03,  ..., -3.2349e-03,
            6.8054e-03,  2.6093e-03],
          [ 4.1504e-03,  7.7209e-03,  6.1340e-03,  ..., -4.2114e-03,
            9.2773e-03,  5.2795e-03],
          [ 3.4180e-03,  6.2561e-03,  5.4321e-03,  ..., -7.0190e-03,
            8.4839e-03,  3.3569e-03]],

         [[ 1.9209e-08,  3.9348e-08,  8.9058e-09,  ..., -1.0128e-08,
            6.5658e-08, -9.5461e-08],
          [ 4.4556e-03, -7.2021e-03,  3.4485e-03,  ...,  1.6357e-02,
           -1.4404e-02,  2.1606e-02],
          [-7.7148e-02,  1.3550e-02, -3.3203e-02,  ...,  4.0771e-02,
           -6.7871e-02,  3.0151e-02],
          ...,
          [-8.2397e-03, -5.9814e-03, -6.1951e-03,  ...,  6.0272e-04,
            8.5449e-03, -4.1504e-03],
          [-7.8735e-03, -7.4158e-03, -1.1978e-03,  ..., -1.2131e-03,
            1.0620e-02, -1.2665e-03],
          [-6.3171e-03, -6.8359e-03, -4.4250e-03,  ..., -1.1063e-03,
            7.9346e-03, -6.8665e-04]],

         ...,

         [[ 0.0000e+00,  0.0000e+00,  0.0000e+00,  ...,  0.0000e+00,
            0.0000e+00,  0.0000e+00],
          [-4.4434e-02,  5.3223e-02,  1.2012e-01,  ..., -4.5654e-02,
           -3.5156e-02, -7.9102e-02],
          [-5.2734e-02, -1.5991e-02,  1.8555e-02,  ...,  1.4771e-02,
            1.9043e-02, -3.4668e-02],
          ...,
          [-5.7678e-03, -1.2756e-02, -5.5847e-03,  ...,  4.3030e-03,
           -5.1575e-03, -5.2185e-03],
          [-4.3335e-03, -1.5198e-02, -5.3711e-03,  ...,  6.5002e-03,
           -5.2490e-03, -5.8899e-03],
          [-3.3722e-03, -1.5564e-02, -3.2196e-03,  ...,  5.7983e-03,
           -9.8267e-03, -5.1880e-03]],

         [[ 0.0000e+00,  0.0000e+00,  0.0000e+00,  ...,  0.0000e+00,
            0.0000e+00,  0.0000e+00],
          [-1.5335e-03, -1.1719e-01, -6.5430e-02,  ...,  4.0894e-03,
            2.2266e-01, -8.1055e-02],
          [ 1.3086e-01, -1.1719e-01, -5.4199e-02,  ...,  7.9102e-02,
            2.4902e-01, -1.2061e-01],
          ...,
          [ 2.7924e-03, -9.0599e-05,  7.6599e-03,  ..., -1.0193e-02,
            6.0730e-03,  1.9836e-03],
          [ 1.5717e-03, -3.0518e-03,  7.5073e-03,  ..., -7.1106e-03,
            6.4087e-03,  3.1128e-03],
          [ 1.7624e-03,  1.0300e-03,  7.7515e-03,  ..., -8.9111e-03,
            3.1433e-03, -2.7466e-03]],

         [[ 3.4197e-09, -2.9395e-09,  6.9558e-09,  ..., -6.5193e-09,
            1.3642e-10,  6.9267e-09],
          [-4.7363e-02, -4.3945e-02, -7.6172e-02,  ..., -5.2002e-02,
           -4.0527e-02, -6.8848e-02],
          [-2.7466e-02, -2.3560e-02, -4.5898e-02,  ..., -4.8340e-02,
           -1.5625e-02, -4.3213e-02],
          ...,
          [ 1.4160e-02,  5.4016e-03,  2.7466e-03,  ..., -1.0834e-03,
           -9.3994e-03, -1.7456e-02],
          [ 1.3733e-02,  4.8523e-03,  1.6479e-03,  ..., -5.4016e-03,
           -5.9509e-03, -1.6846e-02],
          [ 1.1841e-02,  5.5237e-03,  2.4719e-03,  ..., -6.5613e-03,
           -8.0566e-03, -1.6968e-02]]],


        [[[ 5.4250e-08, -9.6406e-11, -6.3330e-08,  ...,  3.4459e-08,
            1.5716e-08,  4.7032e-08],
          [ 4.3457e-02,  1.3965e-01,  1.2402e-01,  ..., -6.2988e-02,
           -1.0596e-01, -1.5820e-01],
          [-4.8828e-02,  1.3611e-02,  1.8652e-01,  ..., -2.6489e-02,
           -1.4160e-01, -1.2793e-01],
          ...,
          [ 0.0000e+00,  0.0000e+00,  0.0000e+00,  ...,  0.0000e+00,
            0.0000e+00,  0.0000e+00],
          [ 0.0000e+00,  0.0000e+00,  0.0000e+00,  ...,  0.0000e+00,
            0.0000e+00,  0.0000e+00],
          [ 0.0000e+00,  0.0000e+00,  0.0000e+00,  ...,  0.0000e+00,
            0.0000e+00,  0.0000e+00]],

         [[-2.5611e-08, -9.1968e-09,  1.9674e-08,  ...,  1.1234e-08,
            7.5437e-08,  2.7590e-08],
          [-1.1914e-01, -6.8848e-02, -8.6426e-02,  ..., -1.0449e-01,
           -2.1875e-01, -2.3438e-01],
          [-5.1758e-02, -3.1738e-02, -7.8125e-02,  ..., -1.1816e-01,
           -1.8652e-01, -1.6504e-01],
          ...,
          [ 0.0000e+00,  0.0000e+00,  0.0000e+00,  ...,  0.0000e+00,
            0.0000e+00,  0.0000e+00],
          [ 0.0000e+00,  0.0000e+00,  0.0000e+00,  ...,  0.0000e+00,
            0.0000e+00,  0.0000e+00],
          [ 0.0000e+00,  0.0000e+00,  0.0000e+00,  ...,  0.0000e+00,
            0.0000e+00,  0.0000e+00]],

         [[ 3.7253e-08,  1.6298e-08,  1.1350e-09,  ..., -8.7311e-09,
            2.5728e-08,  7.6252e-09],
          [ 7.2632e-03, -6.8970e-03,  4.4556e-03,  ..., -1.9653e-02,
            2.9907e-02,  1.7822e-02],
          [ 3.7354e-02, -4.7363e-02, -1.5182e-03,  ..., -2.3804e-02,
            1.1328e-01, -7.9346e-03],
          ...,
          [ 0.0000e+00,  0.0000e+00,  0.0000e+00,  ...,  0.0000e+00,
            0.0000e+00,  0.0000e+00],
          [ 0.0000e+00,  0.0000e+00,  0.0000e+00,  ...,  0.0000e+00,
            0.0000e+00,  0.0000e+00],
          [ 0.0000e+00,  0.0000e+00,  0.0000e+00,  ...,  0.0000e+00,
            0.0000e+00,  0.0000e+00]],

         ...,

         [[ 0.0000e+00,  0.0000e+00,  0.0000e+00,  ...,  0.0000e+00,
            0.0000e+00,  0.0000e+00],
          [-2.4048e-02,  8.9355e-02, -1.0400e-01,  ...,  1.0742e-01,
           -1.1658e-02,  1.2988e-01],
          [-7.0312e-02,  7.8613e-02, -6.8359e-02,  ...,  5.1575e-03,
            3.0640e-02,  1.3477e-01],
          ...,
          [ 0.0000e+00,  0.0000e+00,  0.0000e+00,  ...,  0.0000e+00,
            0.0000e+00,  0.0000e+00],
          [ 0.0000e+00,  0.0000e+00,  0.0000e+00,  ...,  0.0000e+00,
            0.0000e+00,  0.0000e+00],
          [ 0.0000e+00,  0.0000e+00,  0.0000e+00,  ...,  0.0000e+00,
            0.0000e+00,  0.0000e+00]],

         [[ 0.0000e+00,  0.0000e+00,  0.0000e+00,  ...,  0.0000e+00,
            0.0000e+00,  0.0000e+00],
          [-5.0537e-02,  3.0762e-02,  4.1992e-02,  ..., -6.1523e-02,
            1.4709e-02,  7.0801e-02],
          [-7.9346e-03,  6.5994e-04,  3.1128e-02,  ..., -4.0039e-02,
            2.1240e-02,  1.6632e-03],
          ...,
          [ 0.0000e+00,  0.0000e+00,  0.0000e+00,  ...,  0.0000e+00,
            0.0000e+00,  0.0000e+00],
          [ 0.0000e+00,  0.0000e+00,  0.0000e+00,  ...,  0.0000e+00,
            0.0000e+00,  0.0000e+00],
          [ 0.0000e+00,  0.0000e+00,  0.0000e+00,  ...,  0.0000e+00,
            0.0000e+00,  0.0000e+00]],

         [[ 0.0000e+00,  0.0000e+00,  0.0000e+00,  ...,  0.0000e+00,
            0.0000e+00,  0.0000e+00],
          [ 1.0205e-01,  5.3223e-02,  3.5156e-02,  ..., -6.2256e-02,
            1.6846e-02, -1.8188e-02],
          [ 6.2988e-02,  5.2490e-02,  1.9653e-02,  ...,  2.1729e-02,
            1.9150e-03,  6.8848e-02],
          ...,
          [ 0.0000e+00,  0.0000e+00,  0.0000e+00,  ...,  0.0000e+00,
            0.0000e+00,  0.0000e+00],
          [ 0.0000e+00,  0.0000e+00,  0.0000e+00,  ...,  0.0000e+00,
            0.0000e+00,  0.0000e+00],
          [ 0.0000e+00,  0.0000e+00,  0.0000e+00,  ...,  0.0000e+00,
            0.0000e+00,  0.0000e+00]]]], device='cuda:0', dtype=torch.bfloat16)
sdpa_kgrad: tensor([[[[-2.4023e-01, -3.5352e-01,  8.9355e-02,  ...,  1.1719e-01,
           -1.4258e-01, -4.0820e-01],
          [ 1.6895e-01,  2.0801e-01, -1.9775e-02,  ..., -9.3262e-02,
            2.2168e-01,  3.4180e-01],
          [ 1.5137e-01,  1.8921e-02, -7.3242e-02,  ...,  9.6680e-02,
            1.0071e-02,  2.3438e-01],
          ...,
          [ 0.0000e+00,  0.0000e+00,  0.0000e+00,  ...,  0.0000e+00,
            0.0000e+00,  0.0000e+00],
          [ 0.0000e+00,  0.0000e+00,  0.0000e+00,  ...,  0.0000e+00,
            0.0000e+00,  0.0000e+00],
          [ 0.0000e+00,  0.0000e+00,  0.0000e+00,  ...,  0.0000e+00,
            0.0000e+00,  0.0000e+00]],

         [[-5.3955e-02, -6.0425e-03, -6.1279e-02,  ..., -1.4746e-01,
            1.2891e-01,  4.9805e-02],
          [-1.4420e-03,  1.7456e-02, -4.1748e-02,  ..., -1.3867e-01,
            2.1289e-01,  4.3701e-02],
          [-3.5400e-02,  3.2471e-02,  1.7700e-02,  ..., -2.0996e-02,
            6.7871e-02, -2.0386e-02],
          ...,
          [ 0.0000e+00,  0.0000e+00,  0.0000e+00,  ...,  0.0000e+00,
            0.0000e+00,  0.0000e+00],
          [ 0.0000e+00,  0.0000e+00,  0.0000e+00,  ...,  0.0000e+00,
            0.0000e+00,  0.0000e+00],
          [ 0.0000e+00,  0.0000e+00,  0.0000e+00,  ...,  0.0000e+00,
            0.0000e+00,  0.0000e+00]],

         [[ 1.5527e-01, -6.4453e-02, -7.1289e-02,  ..., -2.9492e-01,
           -6.6406e-02,  3.9551e-02],
          [-1.7969e-01,  8.6426e-02,  2.1094e-01,  ...,  2.8906e-01,
            1.0254e-01, -2.7710e-02],
          [-3.9795e-02, -1.5442e-02,  5.0781e-02,  ..., -2.0996e-02,
            2.8442e-02, -4.9438e-03],
          ...,
          [ 0.0000e+00,  0.0000e+00,  0.0000e+00,  ...,  0.0000e+00,
            0.0000e+00,  0.0000e+00],
          [ 0.0000e+00,  0.0000e+00,  0.0000e+00,  ...,  0.0000e+00,
            0.0000e+00,  0.0000e+00],
          [ 0.0000e+00,  0.0000e+00,  0.0000e+00,  ...,  0.0000e+00,
            0.0000e+00,  0.0000e+00]],

         ...,

         [[-2.2168e-01,  1.5430e-01, -8.1543e-02,  ..., -1.6895e-01,
           -2.3315e-02,  7.1777e-02],
          [ 8.6426e-02, -2.0410e-01,  1.1523e-01,  ...,  1.6699e-01,
            7.1777e-02, -3.9978e-03],
          [-1.0889e-01,  1.1963e-02,  7.3547e-03,  ...,  2.6489e-02,
            2.0020e-02,  7.8125e-02],
          ...,
          [ 0.0000e+00,  0.0000e+00,  0.0000e+00,  ...,  0.0000e+00,
            0.0000e+00,  0.0000e+00],
          [ 0.0000e+00,  0.0000e+00,  0.0000e+00,  ...,  0.0000e+00,
            0.0000e+00,  0.0000e+00],
          [ 0.0000e+00,  0.0000e+00,  0.0000e+00,  ...,  0.0000e+00,
            0.0000e+00,  0.0000e+00]],

         [[-1.4771e-02, -7.8125e-02,  1.0605e-03,  ...,  1.4453e-01,
           -8.9844e-02, -2.6489e-02],
          [ 2.2827e-02, -1.5820e-01,  1.6235e-02,  ...,  6.8848e-02,
           -4.9072e-02, -1.1816e-01],
          [-1.4551e-01,  1.8652e-01,  9.3750e-02,  ..., -8.3008e-02,
            8.9844e-02,  2.1973e-01],
          ...,
          [ 0.0000e+00,  0.0000e+00,  0.0000e+00,  ...,  0.0000e+00,
            0.0000e+00,  0.0000e+00],
          [ 0.0000e+00,  0.0000e+00,  0.0000e+00,  ...,  0.0000e+00,
            0.0000e+00,  0.0000e+00],
          [ 0.0000e+00,  0.0000e+00,  0.0000e+00,  ...,  0.0000e+00,
            0.0000e+00,  0.0000e+00]],

         [[ 9.7656e-02,  9.3994e-03,  5.2795e-03,  ..., -9.5215e-02,
           -2.0508e-02,  6.7871e-02],
          [ 6.5613e-04,  2.3315e-02, -1.4941e-01,  ..., -7.7637e-02,
            8.9355e-02, -5.6152e-02],
          [ 6.0547e-02,  3.1494e-02,  2.9297e-02,  ...,  8.7402e-02,
           -5.1758e-02,  3.0396e-02],
          ...,
          [ 0.0000e+00,  0.0000e+00,  0.0000e+00,  ...,  0.0000e+00,
            0.0000e+00,  0.0000e+00],
          [ 0.0000e+00,  0.0000e+00,  0.0000e+00,  ...,  0.0000e+00,
            0.0000e+00,  0.0000e+00],
          [ 0.0000e+00,  0.0000e+00,  0.0000e+00,  ...,  0.0000e+00,
            0.0000e+00,  0.0000e+00]]],


        [[[-1.3281e-01,  2.8320e-02,  3.2227e-02,  ..., -4.9438e-03,
            9.6680e-02,  1.6504e-01],
          [ 8.7891e-02,  1.2451e-02, -4.9561e-02,  ..., -3.0884e-02,
           -3.1738e-02, -1.8945e-01],
          [-6.5430e-02,  1.4709e-02,  6.0730e-03,  ..., -1.6846e-02,
            7.4707e-02,  4.4922e-02],
          ...,
          [ 0.0000e+00,  0.0000e+00,  0.0000e+00,  ...,  0.0000e+00,
            0.0000e+00,  0.0000e+00],
          [ 0.0000e+00,  0.0000e+00,  0.0000e+00,  ...,  0.0000e+00,
            0.0000e+00,  0.0000e+00],
          [ 0.0000e+00,  0.0000e+00,  0.0000e+00,  ...,  0.0000e+00,
            0.0000e+00,  0.0000e+00]],

         [[-6.8359e-02,  5.4443e-02, -1.8066e-02,  ..., -4.5654e-02,
           -3.1250e-02,  1.5076e-02],
          [ 2.4121e-01,  1.4062e-01,  1.2451e-01,  ..., -2.2070e-01,
           -7.5684e-02, -1.6724e-02],
          [-2.1484e-01, -4.7363e-02,  1.7395e-03,  ...,  1.1523e-01,
           -2.0874e-02,  1.2354e-01],
          ...,
          [ 0.0000e+00,  0.0000e+00,  0.0000e+00,  ...,  0.0000e+00,
            0.0000e+00,  0.0000e+00],
          [ 0.0000e+00,  0.0000e+00,  0.0000e+00,  ...,  0.0000e+00,
            0.0000e+00,  0.0000e+00],
          [ 0.0000e+00,  0.0000e+00,  0.0000e+00,  ...,  0.0000e+00,
            0.0000e+00,  0.0000e+00]],

         [[ 1.5723e-01,  2.3438e-02, -9.1797e-02,  ..., -8.9355e-02,
            5.4688e-02, -1.7090e-01],
          [-1.4844e-01, -1.2024e-02,  1.3184e-01,  ..., -1.1816e-01,
           -4.3457e-02,  3.2959e-02],
          [ 1.3965e-01,  1.4099e-02, -1.6016e-01,  ..., -6.4453e-02,
            1.3184e-01,  5.9814e-02],
          ...,
          [ 0.0000e+00,  0.0000e+00,  0.0000e+00,  ...,  0.0000e+00,
            0.0000e+00,  0.0000e+00],
          [ 0.0000e+00,  0.0000e+00,  0.0000e+00,  ...,  0.0000e+00,
            0.0000e+00,  0.0000e+00],
          [ 0.0000e+00,  0.0000e+00,  0.0000e+00,  ...,  0.0000e+00,
            0.0000e+00,  0.0000e+00]],

         ...,

         [[-1.9824e-01, -9.8877e-03,  1.9531e-01,  ...,  3.3203e-02,
           -1.4062e-01, -2.6245e-02],
          [-2.0703e-01,  1.8066e-01,  2.5391e-01,  ...,  1.2512e-02,
           -8.2520e-02, -9.4238e-02],
          [ 2.8320e-01, -1.2793e-01, -1.1182e-01,  ..., -1.9629e-01,
            1.4844e-01, -1.3086e-01],
          ...,
          [ 0.0000e+00,  0.0000e+00,  0.0000e+00,  ...,  0.0000e+00,
            0.0000e+00,  0.0000e+00],
          [ 0.0000e+00,  0.0000e+00,  0.0000e+00,  ...,  0.0000e+00,
            0.0000e+00,  0.0000e+00],
          [ 0.0000e+00,  0.0000e+00,  0.0000e+00,  ...,  0.0000e+00,
            0.0000e+00,  0.0000e+00]],

         [[ 8.4839e-03, -4.1260e-02,  1.4551e-01,  ...,  1.0840e-01,
            2.3071e-02,  6.9824e-02],
          [-9.4727e-02, -1.4709e-02,  7.0801e-02,  ...,  3.6133e-01,
            4.0771e-02,  1.6504e-01],
          [ 4.0283e-02, -4.0527e-02,  2.7222e-02,  ...,  8.7402e-02,
           -5.9082e-02,  9.3262e-02],
          ...,
          [ 0.0000e+00,  0.0000e+00,  0.0000e+00,  ...,  0.0000e+00,
            0.0000e+00,  0.0000e+00],
          [ 0.0000e+00,  0.0000e+00,  0.0000e+00,  ...,  0.0000e+00,
            0.0000e+00,  0.0000e+00],
          [ 0.0000e+00,  0.0000e+00,  0.0000e+00,  ...,  0.0000e+00,
            0.0000e+00,  0.0000e+00]],

         [[ 1.4404e-02, -7.6172e-02, -1.1536e-02,  ..., -6.3477e-02,
           -3.1494e-02,  8.9355e-02],
          [-3.3447e-02, -5.2979e-02, -6.0547e-02,  ..., -3.1738e-02,
           -1.2329e-02,  1.6113e-01],
          [-2.6611e-02,  1.6992e-01,  5.5908e-02,  ...,  1.6504e-01,
           -3.7109e-02, -1.4355e-01],
          ...,
          [ 0.0000e+00,  0.0000e+00,  0.0000e+00,  ...,  0.0000e+00,
            0.0000e+00,  0.0000e+00],
          [ 0.0000e+00,  0.0000e+00,  0.0000e+00,  ...,  0.0000e+00,
            0.0000e+00,  0.0000e+00],
          [ 0.0000e+00,  0.0000e+00,  0.0000e+00,  ...,  0.0000e+00,
            0.0000e+00,  0.0000e+00]]],


        [[[ 3.0212e-03, -3.6865e-02,  2.5391e-02,  ...,  1.2500e-01,
            1.0889e-01, -5.2979e-02],
          [ 9.7168e-02, -1.7773e-01, -4.1016e-02,  ...,  1.4062e-01,
           -1.0693e-01, -1.1230e-02],
          [ 2.9053e-02, -1.0889e-01, -1.2598e-01,  ...,  1.8848e-01,
           -5.5420e-02, -1.0910e-03],
          ...,
          [-3.6001e-05, -6.4373e-05, -1.8701e-06,  ..., -3.6001e-05,
           -7.2420e-06,  1.5497e-05],
          [ 4.7207e-05, -1.7262e-04,  2.1744e-04,  ..., -6.5804e-05,
            6.8665e-05,  3.3617e-05],
          [-2.2769e-05, -3.7193e-05, -1.1587e-04,  ..., -6.0558e-05,
           -2.2054e-05, -1.8030e-06]],

         [[ 5.1758e-02,  2.5391e-02, -6.7383e-02,  ...,  3.0518e-03,
           -1.1133e-01, -2.1973e-01],
          [ 2.3438e-02, -1.3733e-02,  6.4941e-02,  ..., -1.6235e-02,
            6.7871e-02,  4.6875e-02],
          [-9.9609e-02, -1.6309e-01,  7.3242e-02,  ...,  3.1281e-04,
            5.4443e-02,  1.9922e-01],
          ...,
          [-1.7405e-05, -2.0266e-05,  5.1022e-05,  ...,  2.1100e-05,
            3.2425e-05, -5.1022e-05],
          [ 5.3406e-04,  3.5477e-04, -4.8828e-04,  ..., -4.3488e-04,
           -1.5545e-04,  1.4877e-04],
          [ 2.5511e-05,  7.2956e-05, -5.0306e-05,  ..., -3.8624e-05,
            1.8716e-05,  2.3007e-05]],

         [[ 4.1260e-02, -5.4932e-02,  8.8867e-02,  ...,  1.8463e-03,
           -5.6763e-03,  2.6758e-01],
          [ 3.8086e-02,  1.3379e-01, -1.2207e-01,  ...,  8.4961e-02,
           -8.3008e-02, -1.3477e-01],
          [-4.2725e-02,  1.4282e-02,  7.8613e-02,  ...,  3.7994e-03,
            4.1260e-02,  1.2402e-01],
          ...,
          [-6.5327e-05,  7.4863e-05,  9.0122e-05,  ...,  1.5259e-04,
            1.6212e-04, -6.7234e-05],
          [ 5.5507e-07, -6.1467e-07, -5.0664e-07,  ..., -5.2154e-07,
           -9.9838e-07,  1.5646e-06],
          [ 3.4124e-06, -6.7651e-06, -1.5378e-05,  ..., -1.8701e-06,
           -3.4809e-05, -1.5050e-06]],

         ...,

         [[-5.3711e-02,  1.2741e-03, -9.1553e-03,  ...,  9.0332e-02,
           -1.0938e-01,  1.1035e-01],
          [-5.1172e-01,  8.6914e-02,  2.2827e-02,  ...,  1.5039e-01,
           -2.1582e-01,  1.6211e-01],
          [ 6.2988e-02,  1.3379e-01,  3.7109e-02,  ..., -5.2795e-03,
           -7.3242e-02, -2.0898e-01],
          ...,
          [-1.0967e-04, -2.2030e-04, -1.0538e-04,  ..., -3.6240e-04,
           -8.4305e-04,  1.5926e-04],
          [ 1.3447e-04, -7.9155e-05,  1.5926e-04,  ...,  1.1635e-04,
            5.3406e-04, -1.8954e-05],
          [-7.3433e-05, -6.7234e-05, -3.6240e-05,  ..., -5.5075e-05,
           -3.2616e-04, -3.6478e-05]],

         [[-6.1523e-02, -4.7119e-02, -4.0527e-02,  ...,  9.2163e-03,
           -7.3730e-02, -3.8086e-02],
          [ 2.2217e-02, -3.7537e-03,  6.7444e-03,  ...,  2.0508e-02,
           -4.4434e-02,  2.7832e-02],
          [ 1.3977e-02,  1.3000e-02,  1.4420e-03,  ...,  2.2705e-02,
           -4.4922e-02, -1.3000e-02],
          ...,
          [ 3.7909e-05,  2.9373e-04, -1.7262e-04,  ...,  2.2316e-04,
            2.0695e-04, -4.3154e-05],
          [ 1.0490e-04,  2.1839e-04,  4.5598e-06,  ...,  1.8501e-04,
            1.4782e-04, -6.0499e-06],
          [-9.1553e-05, -2.6703e-04,  1.1253e-04,  ..., -1.9932e-04,
            1.6975e-04, -1.2684e-04]],

         [[ 4.2773e-01,  3.4375e-01,  2.9144e-03,  ...,  4.1016e-01,
            9.7656e-02,  6.0791e-02],
          [ 3.8330e-02,  9.5215e-02, -1.7090e-01,  ...,  6.1035e-02,
           -4.0527e-02, -4.6875e-02],
          [-6.5430e-02,  3.5400e-03, -3.2715e-02,  ...,  2.2339e-02,
            3.1738e-02, -4.3335e-03],
          ...,
          [ 1.3635e-06, -4.0531e-06, -7.5623e-07,  ...,  2.0862e-06,
           -1.7062e-06, -2.2203e-06],
          [ 9.1195e-06, -3.2187e-06, -3.0518e-05,  ..., -2.4214e-07,
           -1.3113e-05,  5.6922e-06],
          [ 1.8692e-04,  2.9373e-04,  1.2970e-04,  ..., -1.3709e-05,
            1.8692e-04, -1.6499e-04]]],


        ...,


        [[[ 2.5879e-02,  4.2969e-02,  1.1719e-02,  ..., -1.0620e-02,
            3.1128e-02,  3.7598e-02],
          [ 2.1606e-02,  2.1240e-02,  2.1484e-02,  ..., -1.9043e-02,
            2.2888e-05,  1.1414e-02],
          [ 1.2988e-01, -5.2490e-02, -1.8750e-01,  ..., -1.0205e-01,
           -2.4170e-02,  1.5332e-01],
          ...,
          [ 0.0000e+00,  0.0000e+00,  0.0000e+00,  ...,  0.0000e+00,
            0.0000e+00,  0.0000e+00],
          [ 0.0000e+00,  0.0000e+00,  0.0000e+00,  ...,  0.0000e+00,
            0.0000e+00,  0.0000e+00],
          [ 0.0000e+00,  0.0000e+00,  0.0000e+00,  ...,  0.0000e+00,
            0.0000e+00,  0.0000e+00]],

         [[-1.1523e-01, -6.8359e-02, -2.5024e-02,  ..., -3.5645e-02,
           -5.3406e-03, -3.6774e-03],
          [ 1.3184e-01,  5.1270e-02,  1.0791e-01,  ...,  2.4780e-02,
           -1.3672e-01,  1.0986e-02],
          [-2.3242e-01, -3.8672e-01,  1.1963e-02,  ...,  1.9455e-03,
            1.2207e-01,  3.2715e-02],
          ...,
          [ 0.0000e+00,  0.0000e+00,  0.0000e+00,  ...,  0.0000e+00,
            0.0000e+00,  0.0000e+00],
          [ 0.0000e+00,  0.0000e+00,  0.0000e+00,  ...,  0.0000e+00,
            0.0000e+00,  0.0000e+00],
          [ 0.0000e+00,  0.0000e+00,  0.0000e+00,  ...,  0.0000e+00,
            0.0000e+00,  0.0000e+00]],

         [[ 3.4912e-02,  4.9316e-02, -4.8096e-02,  ..., -1.0620e-02,
           -1.1230e-01, -8.2520e-02],
          [-8.7402e-02, -1.5234e-01,  6.8359e-02,  ..., -1.1328e-01,
            1.1279e-01,  3.5400e-02],
          [-1.9653e-02,  7.0801e-02, -4.5410e-02,  ..., -4.6387e-02,
           -6.2866e-03, -5.6641e-02],
          ...,
          [ 0.0000e+00,  0.0000e+00,  0.0000e+00,  ...,  0.0000e+00,
            0.0000e+00,  0.0000e+00],
          [ 0.0000e+00,  0.0000e+00,  0.0000e+00,  ...,  0.0000e+00,
            0.0000e+00,  0.0000e+00],
          [ 0.0000e+00,  0.0000e+00,  0.0000e+00,  ...,  0.0000e+00,
            0.0000e+00,  0.0000e+00]],

         ...,

         [[-1.2598e-01, -9.4238e-02, -2.9663e-02,  ..., -1.7578e-01,
           -2.1582e-01, -1.7822e-02],
          [-1.7480e-01, -5.5664e-02,  1.8555e-02,  ..., -2.4109e-03,
           -2.8711e-01,  1.5076e-02],
          [-7.0801e-02,  7.4219e-02,  7.6172e-02,  ...,  1.5137e-02,
           -1.2891e-01,  9.1553e-03],
          ...,
          [ 0.0000e+00,  0.0000e+00,  0.0000e+00,  ...,  0.0000e+00,
            0.0000e+00,  0.0000e+00],
          [ 0.0000e+00,  0.0000e+00,  0.0000e+00,  ...,  0.0000e+00,
            0.0000e+00,  0.0000e+00],
          [ 0.0000e+00,  0.0000e+00,  0.0000e+00,  ...,  0.0000e+00,
            0.0000e+00,  0.0000e+00]],

         [[ 4.1199e-03,  1.7188e-01, -2.7100e-02,  ...,  1.4355e-01,
           -1.2891e-01,  6.3782e-03],
          [ 2.5024e-02,  1.1035e-01, -4.1260e-02,  ...,  1.6309e-01,
           -5.5176e-02,  6.6406e-02],
          [-1.3770e-01,  2.2949e-01, -1.5723e-01,  ...,  2.7148e-01,
           -9.8633e-02,  9.4727e-02],
          ...,
          [ 0.0000e+00,  0.0000e+00,  0.0000e+00,  ...,  0.0000e+00,
            0.0000e+00,  0.0000e+00],
          [ 0.0000e+00,  0.0000e+00,  0.0000e+00,  ...,  0.0000e+00,
            0.0000e+00,  0.0000e+00],
          [ 0.0000e+00,  0.0000e+00,  0.0000e+00,  ...,  0.0000e+00,
            0.0000e+00,  0.0000e+00]],

         [[ 3.6865e-02, -1.0986e-01, -4.2725e-02,  ...,  7.5195e-02,
            8.8379e-02, -1.0547e-01],
          [-1.2012e-01,  6.3477e-02,  1.0352e-01,  ..., -1.8652e-01,
           -1.8945e-01,  2.0386e-02],
          [ 4.9561e-02,  1.7334e-02, -4.3945e-02,  ...,  6.5918e-02,
            7.4219e-02, -3.6377e-02],
          ...,
          [ 0.0000e+00,  0.0000e+00,  0.0000e+00,  ...,  0.0000e+00,
            0.0000e+00,  0.0000e+00],
          [ 0.0000e+00,  0.0000e+00,  0.0000e+00,  ...,  0.0000e+00,
            0.0000e+00,  0.0000e+00],
          [ 0.0000e+00,  0.0000e+00,  0.0000e+00,  ...,  0.0000e+00,
            0.0000e+00,  0.0000e+00]]],


        [[[ 5.4443e-02,  1.7334e-02, -8.6426e-02,  ...,  9.3262e-02,
            9.4604e-03, -5.9082e-02],
          [-1.0449e-01, -9.5703e-02,  1.2451e-01,  ..., -1.1865e-01,
           -6.8359e-02, -5.1025e-02],
          [-3.9062e-02, -3.8574e-02, -1.7944e-02,  ..., -3.5553e-03,
           -5.3467e-02, -4.1992e-02],
          ...,
          [ 3.1090e-04, -3.0136e-04, -4.1723e-05,  ..., -1.7738e-04,
            1.8716e-05,  3.8528e-04],
          [ 4.0054e-05, -5.3406e-05,  6.3181e-06,  ..., -1.2159e-04,
            7.8201e-05,  2.4033e-04],
          [ 2.3365e-05, -4.6730e-05, -2.7776e-05,  ..., -5.0545e-05,
            6.2466e-05,  8.7738e-05]],

         [[-1.3550e-02,  5.4199e-02,  1.2500e-01,  ...,  4.3457e-02,
            1.0925e-02,  6.0791e-02],
          [ 5.9814e-03, -2.2461e-02,  1.3379e-01,  ...,  1.5747e-02,
            2.1240e-02,  2.6855e-02],
          [ 2.3926e-02, -4.5898e-02, -1.0400e-01,  ..., -1.5723e-01,
           -3.6865e-02,  2.6733e-02],
          ...,
          [-5.0735e-04,  1.6403e-04, -4.0054e-04,  ..., -1.7834e-04,
            8.8501e-04, -4.4823e-05],
          [ 2.5177e-04, -1.2755e-05,  1.9646e-04,  ...,  2.7084e-04,
           -2.0599e-04,  1.4496e-04],
          [-4.7207e-05, -2.3365e-05,  2.0023e-08,  ..., -1.7732e-06,
           -4.5896e-06, -3.6716e-05]],

         [[-1.1084e-01, -1.8555e-02, -5.3955e-02,  ...,  5.8350e-02,
           -3.2043e-04,  2.9175e-02],
          [-4.4922e-02,  1.0315e-02, -2.5635e-02,  ...,  6.8359e-02,
           -6.0425e-03, -2.9419e-02],
          [ 2.0020e-01,  1.6211e-01,  2.7832e-02,  ..., -1.2012e-01,
           -1.3770e-01, -2.0386e-02],
          ...,
          [ 6.1989e-05, -3.4809e-05,  1.0252e-04,  ...,  2.9683e-05,
            1.4973e-04,  4.1246e-05],
          [-3.1233e-05,  8.4043e-06, -6.1512e-05,  ...,  3.4086e-07,
           -4.6968e-05, -5.1260e-05],
          [-1.2398e-04,  9.9659e-05,  3.9816e-05,  ..., -1.4210e-04,
            7.1049e-05,  1.9646e-04]],

         ...,

         [[-1.2695e-01, -3.0859e-01,  2.6562e-01,  ...,  2.1973e-01,
           -3.1445e-01, -1.5039e-01],
          [ 4.2480e-02, -4.8340e-02, -5.9814e-03,  ...,  7.8125e-02,
           -8.1055e-02,  1.5381e-02],
          [ 9.3262e-02,  2.1777e-01, -2.1240e-02,  ...,  1.5869e-03,
           -4.7302e-04, -3.3447e-02],
          ...,
          [-2.1839e-04,  2.6512e-04,  9.7275e-05,  ...,  1.3542e-04,
            3.2425e-04,  1.1492e-04],
          [ 1.3161e-04,  4.8399e-05,  1.0157e-04,  ..., -4.4584e-05,
            2.0123e-04,  1.0681e-04],
          [ 2.4796e-05, -2.7657e-04, -1.7548e-04,  ...,  3.8910e-04,
           -1.9550e-04, -1.4973e-04]],

         [[-7.2021e-03,  2.2095e-02, -2.5195e-01,  ...,  6.1279e-02,
           -6.4453e-02, -8.3008e-02],
          [ 4.0625e-01,  1.1084e-01, -1.3184e-01,  ...,  1.4453e-01,
            3.4766e-01, -1.8750e-01],
          [-5.6641e-02,  2.8076e-02, -4.8340e-02,  ...,  2.8564e-02,
           -1.4160e-02, -1.6602e-02],
          ...,
          [ 1.4877e-04, -3.5286e-04,  4.5967e-04,  ...,  7.1716e-04,
            3.3379e-04, -4.7493e-04],
          [ 2.9325e-05,  1.0777e-04, -8.6784e-05,  ..., -6.8188e-05,
           -1.3256e-04,  1.2779e-04],
          [-4.1723e-05, -2.7895e-05,  2.9325e-05,  ...,  3.1710e-05,
            5.3883e-05, -8.5354e-05]],

         [[-8.7891e-02,  5.7373e-02,  5.2490e-02,  ...,  5.9326e-02,
            6.2256e-02, -8.2031e-02],
          [ 1.9897e-02, -1.4258e-01, -1.5335e-03,  ..., -1.2158e-01,
           -1.4465e-02,  1.1182e-01],
          [-5.4932e-02,  6.3477e-02,  3.1738e-02,  ...,  5.9082e-02,
            4.2969e-02, -2.1484e-02],
          ...,
          [ 3.4094e-05, -6.8188e-05, -2.5630e-05,  ..., -1.6212e-05,
           -4.8161e-05,  2.8253e-05],
          [ 5.1737e-05, -1.2589e-04, -7.2002e-05,  ...,  1.1587e-04,
           -2.2769e-05,  2.2411e-05],
          [-7.4863e-05,  3.1710e-05,  1.2970e-04,  ..., -1.9455e-04,
            8.8692e-05,  3.0041e-05]]],


        [[[ 3.5889e-02, -1.1523e-01,  5.9326e-02,  ..., -5.2979e-02,
           -8.7891e-02, -1.2793e-01],
          [ 5.1025e-02,  1.6406e-01, -1.2695e-01,  ..., -1.2158e-01,
            1.0840e-01, -1.2500e-01],
          [-5.3223e-02, -7.3730e-02,  5.9570e-02,  ...,  3.9307e-02,
           -3.6865e-02,  1.8311e-02],
          ...,
          [ 0.0000e+00,  0.0000e+00,  0.0000e+00,  ...,  0.0000e+00,
            0.0000e+00,  0.0000e+00],
          [ 0.0000e+00,  0.0000e+00,  0.0000e+00,  ...,  0.0000e+00,
            0.0000e+00,  0.0000e+00],
          [ 0.0000e+00,  0.0000e+00,  0.0000e+00,  ...,  0.0000e+00,
            0.0000e+00,  0.0000e+00]],

         [[ 3.5645e-02,  3.9453e-01,  1.9922e-01,  ...,  3.7305e-01,
           -2.1191e-01, -1.9336e-01],
          [-9.7168e-02, -1.5332e-01, -6.9336e-02,  ..., -2.9688e-01,
           -1.0254e-02,  5.6152e-02],
          [ 1.5503e-02, -4.4434e-02, -3.0029e-02,  ..., -7.2266e-02,
           -3.5400e-02,  4.1016e-02],
          ...,
          [ 0.0000e+00,  0.0000e+00,  0.0000e+00,  ...,  0.0000e+00,
            0.0000e+00,  0.0000e+00],
          [ 0.0000e+00,  0.0000e+00,  0.0000e+00,  ...,  0.0000e+00,
            0.0000e+00,  0.0000e+00],
          [ 0.0000e+00,  0.0000e+00,  0.0000e+00,  ...,  0.0000e+00,
            0.0000e+00,  0.0000e+00]],

         [[-9.8633e-02, -1.1230e-01, -6.3477e-02,  ...,  5.6152e-02,
           -8.5938e-02,  3.2043e-03],
          [ 5.3467e-02, -2.4023e-01,  1.2402e-01,  ..., -2.1680e-01,
           -1.0205e-01, -1.0010e-01],
          [ 3.8574e-02, -2.9883e-01,  1.5625e-01,  ..., -1.3379e-01,
            1.4062e-01, -2.4316e-01],
          ...,
          [ 0.0000e+00,  0.0000e+00,  0.0000e+00,  ...,  0.0000e+00,
            0.0000e+00,  0.0000e+00],
          [ 0.0000e+00,  0.0000e+00,  0.0000e+00,  ...,  0.0000e+00,
            0.0000e+00,  0.0000e+00],
          [ 0.0000e+00,  0.0000e+00,  0.0000e+00,  ...,  0.0000e+00,
            0.0000e+00,  0.0000e+00]],

         ...,

         [[ 7.5684e-02,  1.0596e-01, -1.0156e-01,  ...,  4.2969e-02,
            6.7871e-02, -1.1084e-01],
          [ 7.4707e-02,  6.3477e-02, -8.7891e-02,  ...,  4.4189e-02,
           -1.2573e-02, -1.1328e-01],
          [-1.4160e-02,  1.9336e-01, -1.7090e-02,  ..., -1.7676e-01,
            3.1836e-01, -1.9409e-02],
          ...,
          [ 0.0000e+00,  0.0000e+00,  0.0000e+00,  ...,  0.0000e+00,
            0.0000e+00,  0.0000e+00],
          [ 0.0000e+00,  0.0000e+00,  0.0000e+00,  ...,  0.0000e+00,
            0.0000e+00,  0.0000e+00],
          [ 0.0000e+00,  0.0000e+00,  0.0000e+00,  ...,  0.0000e+00,
            0.0000e+00,  0.0000e+00]],

         [[ 7.6660e-02, -4.8584e-02,  4.4434e-02,  ...,  4.5898e-02,
            9.1797e-02,  1.3550e-02],
          [-1.7578e-01,  2.8711e-01,  1.1230e-01,  ..., -1.0010e-01,
           -1.0156e-01,  1.4551e-01],
          [ 3.2715e-02,  8.3496e-02,  1.9287e-02,  ...,  1.4526e-02,
            1.2024e-02, -9.3262e-02],
          ...,
          [ 0.0000e+00,  0.0000e+00,  0.0000e+00,  ...,  0.0000e+00,
            0.0000e+00,  0.0000e+00],
          [ 0.0000e+00,  0.0000e+00,  0.0000e+00,  ...,  0.0000e+00,
            0.0000e+00,  0.0000e+00],
          [ 0.0000e+00,  0.0000e+00,  0.0000e+00,  ...,  0.0000e+00,
            0.0000e+00,  0.0000e+00]],

         [[ 5.2734e-02, -9.0820e-02, -4.6387e-02,  ...,  8.8379e-02,
            1.7944e-02,  1.2329e-02],
          [ 3.2617e-01,  4.4189e-02,  4.4189e-02,  ..., -7.2266e-02,
           -1.9287e-02, -9.3994e-03],
          [ 6.9336e-02, -9.6680e-02, -5.2979e-02,  ...,  2.1851e-02,
            3.2959e-02, -7.1777e-02],
          ...,
          [ 0.0000e+00,  0.0000e+00,  0.0000e+00,  ...,  0.0000e+00,
            0.0000e+00,  0.0000e+00],
          [ 0.0000e+00,  0.0000e+00,  0.0000e+00,  ...,  0.0000e+00,
            0.0000e+00,  0.0000e+00],
          [ 0.0000e+00,  0.0000e+00,  0.0000e+00,  ...,  0.0000e+00,
            0.0000e+00,  0.0000e+00]]]], device='cuda:0', dtype=torch.bfloat16)
varlen_grad_seq: tensor([[ 1.2891e+00, -3.3594e-01, -1.0469e+00,  ...,  1.9141e+00,
         -9.1406e-01, -4.0312e+00],
        [ 1.1953e+00, -3.3398e-01, -8.7891e-01,  ...,  1.5000e+00,
         -8.3594e-01, -3.3594e+00],
        [ 1.2422e+00, -4.6484e-01, -1.0781e+00,  ...,  1.7188e+00,
         -6.4453e-01, -3.2344e+00],
        ...,
        [ 5.8594e-03,  4.4250e-03, -6.0730e-03,  ..., -1.2634e-02,
         -9.5825e-03, -5.0964e-03],
        [ 8.1787e-03, -1.9073e-04, -1.4267e-03,  ..., -1.0986e-02,
         -9.6436e-03, -4.4250e-03],
        [ 9.7046e-03, -1.5945e-03, -1.1520e-03,  ..., -8.1177e-03,
         -1.3184e-02, -4.4861e-03]], device='cuda:0', dtype=torch.bfloat16)
sdpa_grad_seq: tensor([[ 1.2891e+00, -3.3594e-01, -1.0469e+00,  ...,  1.9141e+00,
         -9.1406e-01, -4.0312e+00],
        [ 1.1953e+00, -3.3398e-01, -8.7891e-01,  ...,  1.5000e+00,
         -8.3594e-01, -3.3594e+00],
        [ 1.2422e+00, -4.6484e-01, -1.0781e+00,  ...,  1.7188e+00,
         -6.4453e-01, -3.2344e+00],
        ...,
        [ 5.8594e-03,  4.4250e-03, -6.0730e-03,  ..., -1.2634e-02,
         -9.5825e-03, -5.0964e-03],
        [ 8.1787e-03, -1.9073e-04, -1.4267e-03,  ..., -1.0986e-02,
         -9.6436e-03, -4.4250e-03],
        [ 9.7046e-03, -1.5945e-03, -1.1520e-03,  ..., -8.1177e-03,
         -1.3184e-02, -4.4861e-03]], device='cuda:0', dtype=torch.bfloat16)
varlen_grad_seq: tensor([[ 1.6953e+00, -6.2891e-01, -1.1562e+00,  ...,  2.2812e+00,
         -1.0312e+00, -4.7812e+00],
        [ 1.5938e+00, -4.1211e-01, -1.0312e+00,  ...,  2.0938e+00,
         -1.0156e+00, -3.9688e+00],
        [ 1.2891e+00, -4.4531e-01, -9.9219e-01,  ...,  1.8828e+00,
         -7.6953e-01, -3.7031e+00],
        ...,
        [ 4.4861e-03,  1.5411e-03, -2.7924e-03,  ..., -3.0060e-03,
         -6.5002e-03, -4.2419e-03],
        [ 3.3722e-03,  2.1057e-03, -1.6937e-03,  ..., -3.0518e-03,
         -2.8534e-03, -3.0518e-03],
        [ 3.2501e-03,  1.5450e-04, -1.9836e-03,  ..., -3.9368e-03,
         -3.8147e-03, -2.1515e-03]], device='cuda:0', dtype=torch.bfloat16)
sdpa_grad_seq: tensor([[ 1.6953e+00, -6.2891e-01, -1.1562e+00,  ...,  2.2812e+00,
         -1.0312e+00, -4.7812e+00],
        [ 1.5938e+00, -4.1211e-01, -1.0312e+00,  ...,  2.0938e+00,
         -1.0156e+00, -3.9688e+00],
        [ 1.2891e+00, -4.4531e-01, -9.9219e-01,  ...,  1.8828e+00,
         -7.6953e-01, -3.7031e+00],
        ...,
        [ 4.4861e-03,  1.5411e-03, -2.7924e-03,  ..., -3.0060e-03,
         -6.5002e-03, -4.2419e-03],
        [ 3.3722e-03,  2.1057e-03, -1.6937e-03,  ..., -3.0518e-03,
         -2.8534e-03, -3.0518e-03],
        [ 3.2501e-03,  1.5450e-04, -1.9836e-03,  ..., -3.9368e-03,
         -3.8147e-03, -2.1515e-03]], device='cuda:0', dtype=torch.bfloat16)
varlen_grad_seq: tensor([[ 1.7578e+00, -6.7188e-01, -1.4531e+00,  ...,  2.4844e+00,
         -1.1328e+00, -4.9375e+00],
        [ 1.6641e+00, -7.8125e-01, -9.8438e-01,  ...,  2.1875e+00,
         -9.5703e-01, -4.2500e+00],
        [ 1.7109e+00, -7.3828e-01, -1.0625e+00,  ...,  1.9297e+00,
         -7.0312e-01, -3.7969e+00],
        ...,
        [ 1.3161e-04, -6.1417e-04,  2.5330e-03,  ..., -2.5787e-03,
         -5.9814e-03, -9.3384e-03],
        [ 1.4687e-04, -1.7090e-03,  4.3030e-03,  ..., -2.9144e-03,
         -4.6082e-03, -1.0254e-02],
        [ 2.1648e-04, -2.4109e-03,  3.2196e-03,  ..., -2.5330e-03,
         -5.8899e-03, -9.6436e-03]], device='cuda:0', dtype=torch.bfloat16)
sdpa_grad_seq: tensor([[ 1.7578e+00, -6.7188e-01, -1.4531e+00,  ...,  2.4844e+00,
         -1.1328e+00, -4.9375e+00],
        [ 1.6641e+00, -7.8125e-01, -9.8438e-01,  ...,  2.1875e+00,
         -9.5703e-01, -4.2500e+00],
        [ 1.7109e+00, -7.3828e-01, -1.0625e+00,  ...,  1.9297e+00,
         -7.0312e-01, -3.7969e+00],
        ...,
        [ 1.3161e-04, -6.1417e-04,  2.5330e-03,  ..., -2.5787e-03,
         -5.9814e-03, -9.3384e-03],
        [ 1.4687e-04, -1.7090e-03,  4.3030e-03,  ..., -2.9144e-03,
         -4.6082e-03, -1.0254e-02],
        [ 2.1648e-04, -2.4109e-03,  3.2196e-03,  ..., -2.5330e-03,
         -5.8899e-03, -9.6436e-03]], device='cuda:0', dtype=torch.bfloat16)
varlen_grad_seq: tensor([[ 1.6484e+00, -5.9375e-01, -1.1094e+00,  ...,  2.0938e+00,
         -1.0703e+00, -4.4375e+00],
        [ 1.5078e+00, -6.0156e-01, -1.0938e+00,  ...,  2.0625e+00,
         -8.0469e-01, -3.8750e+00],
        [ 1.3047e+00, -3.7891e-01, -9.5703e-01,  ...,  1.7578e+00,
         -8.3203e-01, -3.3906e+00],
        ...,
        [ 7.9956e-03,  4.6997e-03,  1.9989e-03,  ..., -6.9427e-04,
         -5.1575e-03, -8.4229e-03],
        [ 8.9111e-03,  4.8218e-03,  1.3809e-03,  ..., -1.3351e-03,
         -5.4016e-03, -2.1820e-03],
        [ 6.7749e-03,  7.0190e-03,  2.9564e-04,  ..., -3.2349e-03,
         -8.1787e-03, -5.4321e-03]], device='cuda:0', dtype=torch.bfloat16)
sdpa_grad_seq: tensor([[ 1.6484e+00, -5.9375e-01, -1.1094e+00,  ...,  2.0938e+00,
         -1.0703e+00, -4.4375e+00],
        [ 1.5078e+00, -6.0156e-01, -1.0938e+00,  ...,  2.0625e+00,
         -8.0469e-01, -3.8750e+00],
        [ 1.3047e+00, -3.7891e-01, -9.5703e-01,  ...,  1.7578e+00,
         -8.3203e-01, -3.3906e+00],
        ...,
        [ 7.9956e-03,  4.6997e-03,  1.9989e-03,  ..., -6.9427e-04,
         -5.1575e-03, -8.4229e-03],
        [ 8.9111e-03,  4.8218e-03,  1.3809e-03,  ..., -1.3351e-03,
         -5.4016e-03, -2.1820e-03],
        [ 6.7749e-03,  7.0190e-03,  2.9564e-04,  ..., -3.2349e-03,
         -8.1787e-03, -5.4321e-03]], device='cuda:0', dtype=torch.bfloat16)
varlen_grad_seq: tensor([[ 1.6797e+00, -6.3281e-01, -1.2344e+00,  ...,  2.3125e+00,
         -9.6094e-01, -4.3125e+00],
        [ 1.4219e+00, -5.5078e-01, -9.6484e-01,  ...,  1.6953e+00,
         -9.0625e-01, -3.7188e+00],
        [ 1.3281e+00, -4.5703e-01, -8.5156e-01,  ...,  1.6719e+00,
         -6.2891e-01, -3.1094e+00],
        ...,
        [ 2.9144e-03, -1.4420e-03, -5.7983e-03,  ..., -1.9455e-03,
         -4.8523e-03, -1.0986e-02],
        [ 1.5182e-03, -1.3504e-03, -2.8381e-03,  ..., -3.2349e-03,
         -2.6093e-03, -1.3245e-02],
        [ 1.7700e-03, -3.4943e-03, -1.6022e-03,  ..., -2.2430e-03,
         -4.5776e-03, -8.4229e-03]], device='cuda:0', dtype=torch.bfloat16)
sdpa_grad_seq: tensor([[ 1.6797e+00, -6.3281e-01, -1.2344e+00,  ...,  2.3125e+00,
         -9.6094e-01, -4.3125e+00],
        [ 1.4219e+00, -5.5078e-01, -9.6484e-01,  ...,  1.6953e+00,
         -9.0625e-01, -3.7188e+00],
        [ 1.3281e+00, -4.5703e-01, -8.5156e-01,  ...,  1.6719e+00,
         -6.2891e-01, -3.1094e+00],
        ...,
        [ 2.9144e-03, -1.4420e-03, -5.7983e-03,  ..., -1.9455e-03,
         -4.8523e-03, -1.0986e-02],
        [ 1.5182e-03, -1.3504e-03, -2.8381e-03,  ..., -3.2349e-03,
         -2.6093e-03, -1.3245e-02],
        [ 1.7700e-03, -3.4943e-03, -1.6022e-03,  ..., -2.2430e-03,
         -4.5776e-03, -8.4229e-03]], device='cuda:0', dtype=torch.bfloat16)
varlen_grad_seq: tensor([[ 1.4531e+00, -5.7031e-01, -1.2812e+00,  ...,  2.0312e+00,
         -7.9688e-01, -4.2500e+00],
        [ 1.2969e+00, -4.7266e-01, -8.0469e-01,  ...,  1.7500e+00,
         -8.6328e-01, -3.4688e+00],
        [ 1.1562e+00, -3.3398e-01, -8.7500e-01,  ...,  1.8203e+00,
         -6.7578e-01, -3.2500e+00],
        ...,
        [ 3.0060e-03, -2.5177e-03,  4.3640e-03,  ..., -6.0730e-03,
         -7.7209e-03, -1.5198e-02],
        [ 2.9907e-03,  1.8158e-03,  8.3008e-03,  ..., -6.3171e-03,
         -7.7515e-03, -1.4832e-02],
        [ 2.3193e-03, -4.6921e-04,  5.5542e-03,  ..., -9.0332e-03,
         -7.3547e-03, -1.2024e-02]], device='cuda:0', dtype=torch.bfloat16)
sdpa_grad_seq: tensor([[ 1.4531e+00, -5.7031e-01, -1.2812e+00,  ...,  2.0312e+00,
         -7.9688e-01, -4.2500e+00],
        [ 1.2969e+00, -4.7266e-01, -8.0469e-01,  ...,  1.7500e+00,
         -8.6328e-01, -3.4688e+00],
        [ 1.1562e+00, -3.3398e-01, -8.7500e-01,  ...,  1.8203e+00,
         -6.7578e-01, -3.2500e+00],
        ...,
        [ 3.0060e-03, -2.5177e-03,  4.3640e-03,  ..., -6.0730e-03,
         -7.7209e-03, -1.5198e-02],
        [ 2.9907e-03,  1.8158e-03,  8.3008e-03,  ..., -6.3171e-03,
         -7.7515e-03, -1.4832e-02],
        [ 2.3193e-03, -4.6921e-04,  5.5542e-03,  ..., -9.0332e-03,
         -7.3547e-03, -1.2024e-02]], device='cuda:0', dtype=torch.bfloat16)
varlen_grad_seq: tensor([[ 1.7812e+00, -6.7188e-01, -8.7891e-01,  ...,  2.3750e+00,
         -1.2031e+00, -4.8125e+00],
        [ 1.5078e+00, -6.7188e-01, -1.3750e+00,  ...,  2.1719e+00,
         -9.6484e-01, -4.3438e+00],
        [ 1.6328e+00, -5.8984e-01, -1.0391e+00,  ...,  2.0781e+00,
         -7.0312e-01, -3.8906e+00],
        ...,
        [ 4.8523e-03, -1.2360e-03,  2.3499e-03,  ..., -2.4567e-03,
         -8.5449e-03, -2.4872e-03],
        [ 2.9449e-03, -2.9602e-03,  2.7313e-03,  ..., -2.8992e-03,
         -6.7139e-03, -3.5095e-03],
        [ 4.2725e-03, -3.8605e-03,  1.8463e-03,  ..., -4.6387e-03,
         -8.7891e-03, -5.9509e-03]], device='cuda:0', dtype=torch.bfloat16)
sdpa_grad_seq: tensor([[ 1.7812e+00, -6.7188e-01, -8.7891e-01,  ...,  2.3750e+00,
         -1.2031e+00, -4.8125e+00],
        [ 1.5078e+00, -6.7188e-01, -1.3750e+00,  ...,  2.1719e+00,
         -9.6484e-01, -4.3438e+00],
        [ 1.6328e+00, -5.8984e-01, -1.0391e+00,  ...,  2.0781e+00,
         -7.0312e-01, -3.8906e+00],
        ...,
        [ 4.8523e-03, -1.2360e-03,  2.3499e-03,  ..., -2.4567e-03,
         -8.5449e-03, -2.4872e-03],
        [ 2.9449e-03, -2.9602e-03,  2.7313e-03,  ..., -2.8992e-03,
         -6.7139e-03, -3.5095e-03],
        [ 4.2725e-03, -3.8605e-03,  1.8463e-03,  ..., -4.6387e-03,
         -8.7891e-03, -5.9509e-03]], device='cuda:0', dtype=torch.bfloat16)
varlen_grad_seq: tensor([[ 1.7266e+00, -6.0547e-01, -1.3672e+00,  ...,  2.5000e+00,
         -1.0938e+00, -4.5625e+00],
        [ 1.5703e+00, -5.9766e-01, -1.1875e+00,  ...,  2.2969e+00,
         -8.8281e-01, -4.1875e+00],
        [ 1.5859e+00, -4.2969e-01, -1.0234e+00,  ...,  2.0781e+00,
         -7.9297e-01, -3.8281e+00],
        ...,
        [ 1.4687e-04, -5.1575e-03, -7.8583e-04,  ...,  1.7624e-03,
         -2.8992e-03, -1.1536e-02],
        [ 5.7983e-04, -6.1646e-03, -1.9531e-03,  ..., -1.3275e-03,
         -1.9455e-03, -1.2390e-02],
        [-3.7231e-03, -4.6082e-03, -1.4648e-03,  ...,  3.0670e-03,
         -1.3885e-03, -1.0864e-02]], device='cuda:0', dtype=torch.bfloat16)
sdpa_grad_seq: tensor([[ 1.7266e+00, -6.0547e-01, -1.3672e+00,  ...,  2.5000e+00,
         -1.0938e+00, -4.5625e+00],
        [ 1.5703e+00, -5.9766e-01, -1.1875e+00,  ...,  2.2969e+00,
         -8.8281e-01, -4.1875e+00],
        [ 1.5859e+00, -4.2969e-01, -1.0234e+00,  ...,  2.0781e+00,
         -7.9297e-01, -3.8281e+00],
        ...,
        [ 1.4687e-04, -5.1575e-03, -7.8583e-04,  ...,  1.7624e-03,
         -2.8992e-03, -1.1536e-02],
        [ 5.7983e-04, -6.1646e-03, -1.9531e-03,  ..., -1.3275e-03,
         -1.9455e-03, -1.2390e-02],
        [-3.7231e-03, -4.6082e-03, -1.4648e-03,  ...,  3.0670e-03,
         -1.3885e-03, -1.0864e-02]], device='cuda:0', dtype=torch.bfloat16)
